,Central California Coastal,Southern California Coastal,Northern Mojave-Mono Lake,San Francisco Bay,Southern Mojave-Salton Sea,Sacramento,North Lahontan,Upper Columbia,Puget Sound,Yakima,Lower Green,Lower Snake,Middle Snake,Black Rock Desert-Humboldt,Colorado Headwaters,San Joaquin,Tulare-Buena Vista Lakes,Lower Gila,Gunnison,Central Nevada Desert Basins,Central Lahontan,Great Salt Lake,Upper Colorado-Dirty Devil,Upper Colorado-Dolores,White-Yampa,San Juan,Great Divide-Upper Green,Lower Colorado,Salt,Middle Gila,Sonora,Little Colorado,Lower Colorado-Lake Mead,Upper Gila,Oregon-Washington Coastal,Bear,Escalante Desert-Sevier Lake,Kootenai-Pend Oreille-Spokane,Upper Snake,Oregon Closed Basins,Middle Columbia,Klamath-Northern California Coastal,Lower Columbia,Willamette
Central California Coastal,1.0,0.5917912564919457,0.7641835651465189,0.5979349707191702,0.44820024849358436,0.3514458186916497,0.3479871718947673,-0.051419346057743155,-0.06498636958946015,-0.0008386120696370792,0.3584930360922123,0.10693199098231075,0.24636928805062325,0.41085338371888586,0.28310138512642063,0.7731031690776973,0.9315166021266835,0.2418232574632946,0.25816542885128585,0.6789697274333009,0.5034214986600469,0.4490792183431909,0.41061974550781144,0.3141002771859805,0.2632410250258738,0.27485022413223154,0.28921290504198244,0.3904108487066856,0.26863973902854343,0.07728827577561913,0.029750776537724996,0.26258129848698597,0.5578233066520946,0.07976643615726102,0.08698971657685359,0.30724568923724316,0.49660097214983184,0.03752338778293145,0.29576626721843235,0.19854108804468756,0.1141680340551314,0.1859023270359251,-0.03928713843695539,0.0928299919704391
Southern California Coastal,0.5917912564919457,1.0,0.7854676580892522,0.19882312205822442,0.8991834594082178,0.07248197656826633,0.09106876523537871,-0.18119035234267564,-0.21932467875620187,-0.1475550958807022,0.3444302315775421,-0.033562918932845326,0.06858033116258991,0.17153942524001342,0.3251519399841421,0.30568300382093244,0.6133054906220292,0.5598316555252442,0.3609486134375804,0.47334408476778045,0.18051434216063855,0.32465032647097297,0.5421190652159893,0.41890563507239653,0.22294952843715615,0.4956599267859521,0.1786868812064659,0.7566261377396379,0.5634936240834636,0.41519655203923544,0.36559313246896213,0.5282726387193222,0.7287481427099963,0.3512224259975879,-0.11935726158923785,0.20912634787945708,0.49944172389825414,-0.0935994987729204,0.1613390794577309,0.004011339902232254,-0.07017216063316727,-0.0127641338270343,-0.2019765807413323,-0.12949499057878833
Northern Mojave-Mono Lake,0.7641835651465189,0.7854676580892522,1.0,0.41145774558495074,0.6611988268659813,0.2723286921581374,0.2836278018063657,-0.06050597808469949,-0.11477573349812353,-0.021906840996897287,0.5101758752761312,0.11135115061999873,0.23992392275948868,0.3740341977659047,0.43822548202975936,0.5503019135700008,0.8592619813901459,0.3353418745315685,0.43906346984164685,0.7689865377992032,0.3947881053249314,0.5137766818529123,0.6578879852046625,0.5154639912108436,0.381973713734406,0.4747046016891726,0.3297298244974978,0.5662188719471418,0.4236716270893227,0.19508057004446902,0.12675747552874012,0.44169991149196636,0.8473737192288383,0.18706385850223786,0.019377140655676573,0.33018065855033485,0.6963586412779839,0.02666775880217791,0.3058610925327534,0.17504481398727653,0.0745943556388599,0.1454881408273291,-0.08563460892737546,0.002214081275768483
San Francisco Bay,0.5979349707191702,0.19882312205822442,0.41145774558495074,1.0,0.1573746385391441,0.7576586757770011,0.6558217164603551,0.029467162019570448,-0.0071556585126458655,0.06782232193601713,0.2998303423987114,0.18578863549500266,0.3574577098098677,0.6353460875081394,0.2677071442405237,0.8674517990720334,0.514667181053726,0.07261296764907109,0.19668737157946983,0.6076816084804716,0.8075271381591236,0.42751670794493896,0.2728048192943184,0.22901683156022556,0.24994478428559572,0.11657221549765774,0.23739866879726973,0.14015919878931485,0.10888672103071961,6.746481013623163e-06,-0.04801420258603608,0.11996405995096654,0.3249509215387403,0.0100880336946136,0.18939724251580767,0.30082313542800754,0.3574333175338366,0.11935704381845243,0.35013828611366216,0.30152581416658497,0.19203650604531142,0.46791245945317317,0.03011792749270414,0.163319657811187
Southern Mojave-Salton Sea,0.44820024849358436,0.8991834594082178,0.6611988268659813,0.1573746385391441,1.0,0.057440587082694734,0.07633986371447198,-0.1985765402927467,-0.23456260117943667,-0.17147297518535676,0.31985752143239304,-0.05587830287273699,0.036935943457938616,0.14882398894836757,0.3567747846756947,0.24850602957524456,0.4744989633743368,0.7208343492181064,0.4326464808858703,0.4078904112742559,0.1691598128883305,0.27830828878135233,0.5738258980829494,0.478701652753397,0.23499526604805235,0.5928329497940076,0.1385610359890356,0.9073821719869757,0.7161099679083751,0.5429583231734053,0.47302499349948823,0.6621085394335647,0.738799367193737,0.491486735873863,-0.14597177168514072,0.16553668984036665,0.4676981456474056,-0.11120115382556736,0.12006138637632809,-0.02626427227403842,-0.10901627184600149,-0.04231448279762679,-0.21017492295644843,-0.1521780201888525
Sacramento,0.3514458186916497,0.07248197656826633,0.2723286921581374,0.7576586757770011,0.057440587082694734,1.0,0.915287325759496,0.1245116839548004,0.058014448534748776,0.18606012488355075,0.3289589801626951,0.37062205054695796,0.5795988929709159,0.769040443063353,0.25826257478439524,0.6517092346377528,0.3358943184861542,-0.017279497957342866,0.17389010691907658,0.5121488627292397,0.8005446579513964,0.4492528911631292,0.23565812873583916,0.22471768368010164,0.28270199732468126,0.08837340090270965,0.2753269755586686,0.027766313976748044,0.03476932781658877,-0.06591378206063142,-0.11385300466080113,0.05977116281367453,0.22011053590655524,-0.05843806649949644,0.37329138613381574,0.36435326547809116,0.32007028145810057,0.24801136320082062,0.43085792652666416,0.6033894623346291,0.3725739984819531,0.8058876014925974,0.14972521223446106,0.3335059589697939
North Lahontan,0.3479871718947673,0.09106876523537871,0.2836278018063657,0.6558217164603551,0.07633986371447198,0.915287325759496,1.0,0.12358439720190131,0.05207670592675632,0.1917925348453107,0.3744378489470736,0.40242981737558103,0.6713255085449064,0.8661869810491987,0.3186170630606753,0.5921067500990573,0.33787744494604893,0.0028242805393170613,0.2302452743449803,0.5059217984919657,0.7784196323204613,0.4908006490837988,0.2778655591604728,0.2759279003938294,0.3519819603225771,0.13508733975194545,0.35115687621867747,0.06439889781154674,0.048487018893175124,-0.09439905398272556,-0.13636729395774264,0.08227289100395666,0.24847420976400816,-0.09506649664961264,0.36088045038830346,0.4291334176727309,0.340513529323714,0.26366004511858065,0.5423359592432359,0.6607812244790686,0.36186400437238847,0.7113991424841115,0.15448849792438044,0.3292771701444152
Upper Columbia,-0.051419346057743155,-0.18119035234267564,-0.06050597808469949,0.029467162019570448,-0.1985765402927467,0.1245116839548004,0.12358439720190131,1.0,0.8554571984255991,0.7857326546264827,0.0009254345921267357,0.5186147438697492,0.26030238020761437,0.12757379826618953,-0.06554650060017232,-0.0007792105386476236,-0.04071107335159734,-0.21992534836977223,-0.11878265196962112,0.013402468289765752,0.06170511434820294,0.06762946020075518,-0.09541574306961713,-0.0970462615236906,0.019307163260359902,-0.17073858014907425,0.09503479535444893,-0.18589711782023535,-0.2220650849289823,-0.25510551960370675,-0.26421123773364125,-0.19955593670628446,-0.08004101757892254,-0.27123882184891873,0.5789813746046591,0.04762311726673369,-0.027856368113277324,0.8321764727772097,0.1362740679373372,0.28866992089341026,0.5422491712750478,0.2236654220010847,0.7037651066200753,0.5392465672155748
Puget Sound,-0.06498636958946015,-0.21932467875620187,-0.11477573349812353,-0.0071556585126458655,-0.23456260117943667,0.058014448534748776,0.05207670592675632,0.8554571984255991,1.0,0.7445486308568693,-0.04074676383501963,0.3785183213321735,0.17264232505529506,0.06018603927470888,-0.12002312837392973,-0.02875980774720875,-0.0816785335949653,-0.2427319544669337,-0.1581350667682167,-0.03562759145463477,0.010774345369877036,0.0161506688869339,-0.13019049429220483,-0.12690288198112662,-0.026342269058261855,-0.18557974653416542,0.05722565207300962,-0.22361330921298483,-0.2518332325955202,-0.2594721642177148,-0.2534584788208162,-0.22152549240235403,-0.12930922880996792,-0.25560850765535126,0.6390332966684439,0.020862650958442763,-0.06835528060554638,0.6042034542327681,0.06457063436258369,0.21599993472054174,0.4724193475058203,0.16391417945098125,0.7492348161413946,0.5519169074621851
Yakima,-0.0008386120696370792,-0.1475550958807022,-0.021906840996897287,0.06782232193601713,-0.17147297518535676,0.18606012488355075,0.1917925348453107,0.7857326546264827,0.7445486308568693,1.0,-0.02515430636287289,0.6004548564878891,0.3529059173842663,0.18475400013031065,-0.09124451475586773,0.02430257614199274,0.019546340701333955,-0.18710215989224432,-0.10840519260722832,0.03055181745930691,0.10413939383179785,0.08822404548303212,-0.11087562807898842,-0.10103596578061036,-0.01727283639012405,-0.1357320787350917,0.10009166922887222,-0.1516477418480687,-0.18418484355894849,-0.2338351167758511,-0.22343212613795496,-0.15389661994704704,-0.05767489727051782,-0.2342514070885392,0.7094565131295175,0.10097549550532871,-0.026390041875641174,0.7030724356759642,0.1936413622604672,0.3754111195730535,0.7561583673133964,0.28202285575413205,0.9212644731344485,0.7547955828352736
Lower Green,0.3584930360922123,0.3444302315775421,0.5101758752761312,0.2998303423987114,0.31985752143239304,0.3289589801626951,0.3744378489470736,0.0009254345921267357,-0.04074676383501963,-0.02515430636287289,1.0,0.1880375664784781,0.3386541515210734,0.44851474899563576,0.7286493644525964,0.36351214576406143,0.4263578421225632,0.2351957350234125,0.6013244356038343,0.6123548548856763,0.3836658847745077,0.7400542291720174,0.729228053057856,0.7121630322683568,0.8559531510133426,0.4439294487804016,0.7522265721258724,0.3200029120211301,0.2953618795658618,0.15220129960201226,0.09885526318443066,0.32892396876919294,0.5998071335759158,0.15204194988091166,0.09182857500063117,0.6079035757762634,0.8396150268710643,0.10704715089870263,0.43178410567054765,0.2746221278646071,0.09774317974452991,0.23304749932625876,-0.02500850103433552,0.07443388480733408
Lower Snake,0.10693199098231075,-0.033562918932845326,0.11135115061999873,0.18578863549500266,-0.05587830287273699,0.37062205054695796,0.40242981737558103,0.5186147438697492,0.3785183213321735,0.6004548564878891,0.1880375664784781,1.0,0.7755713718678121,0.40488954416043427,0.051182660464622505,0.19373241560329826,0.14967800139230286,-0.09795547294766468,-0.005234456613548143,0.18350394072045587,0.2760161741444488,0.2599373674482376,0.07596153315602631,0.034011657581913685,0.12216965130617002,-0.05351523943668892,0.26755112064075076,-0.07613082889053426,-0.08676266346875305,-0.16587995538214242,-0.2012045526633589,-0.07834876324398049,0.06774287139700151,-0.1605272429861428,0.5259471298589092,0.2904387538619843,0.17236420202188246,0.7816445125259492,0.5322957688888487,0.6698886815168238,0.7814743892983974,0.4598872771322331,0.5338606160948776,0.5464354828919362
Middle Snake,0.24636928805062325,0.06858033116258991,0.23992392275948868,0.3574577098098677,0.036935943457938616,0.5795988929709159,0.6713255085449064,0.26030238020761437,0.17264232505529506,0.3529059173842663,0.3386541515210734,0.7755713718678121,1.0,0.7380685457376438,0.20093285572753225,0.36028325199497163,0.28452385270527375,-0.02453189195393349,0.10413385412857552,0.3745718927776845,0.503391303752861,0.456893932865131,0.2097473086123696,0.1603607071825255,0.2656549792115749,0.034771562218025125,0.4015614112412726,0.006792933182865813,-0.00629044251751023,-0.11866352670887502,-0.16672248555544297,0.008335542762015567,0.19844017227884397,-0.12604518838495066,0.4648688909635961,0.46889231522108066,0.3129134607604014,0.4778653538234326,0.7472486188544224,0.8533130912510205,0.6261460821653291,0.6102844106395399,0.3009540666739646,0.4277183987898052
Black Rock Desert-Humboldt,0.41085338371888586,0.17153942524001342,0.3740341977659047,0.6353460875081394,0.14882398894836757,0.769040443063353,0.8661869810491987,0.12757379826618953,0.06018603927470888,0.18475400013031065,0.44851474899563576,0.40488954416043427,0.7380685457376438,1.0,0.3655722415212674,0.6217130512641231,0.43079939111606735,0.041072954881792696,0.24149845038073764,0.6626815804402099,0.827064874612762,0.6621719522969867,0.31738980104185804,0.28572070442688274,0.42172927047136893,0.14848003804881646,0.4851796808927695,0.12207948744522626,0.06728963414510769,-0.09295652746179574,-0.14758626520488827,0.08968836021664381,0.32803437537960123,-0.1027445637894382,0.3123655449727839,0.5742574730483915,0.41614819990051194,0.2559383384274368,0.6774639128218521,0.6083745009643244,0.32859560974378516,0.572134251337797,0.13415565025947326,0.27580158336658145
Colorado Headwaters,0.28310138512642063,0.3251519399841421,0.43822548202975936,0.2677071442405237,0.3567747846756947,0.25826257478439524,0.3186170630606753,-0.06554650060017232,-0.12002312837392973,-0.09124451475586773,0.7286493644525964,0.051182660464622505,0.20093285572753225,0.3655722415212674,1.0,0.29497842970669097,0.33782594551235623,0.31048756919075937,0.8617215613013667,0.45828122480428235,0.3454368579988203,0.4862430221755159,0.6860819668359157,0.8267759361467707,0.8457588294397317,0.5909715484865754,0.4899487848538883,0.3937323828296938,0.3906625531205907,0.22338706969409539,0.16540947201302503,0.451820765960128,0.5589795295631355,0.234344748544393,0.01335337099637249,0.3774129004235128,0.5976419319179208,-0.0036577172419495836,0.3183944316495395,0.17412196699670693,0.0263357357443652,0.13372375776242826,-0.09925571737597232,-0.004843088955324735
San Joaquin,0.7731031690776973,0.30568300382093244,0.5503019135700008,0.8674517990720334,0.24850602957524456,0.6517092346377528,0.5921067500990573,-0.0007792105386476236,-0.02875980774720875,0.02430257614199274,0.36351214576406143,0.19373241560329826,0.36028325199497163,0.6217130512641231,0.29497842970669097,1.0,0.7203233432930217,0.14549948409896643,0.22551296949885602,0.7420094334725837,0.8366039538113624,0.49413397433374806,0.3461865564337897,0.2735926303565936,0.2991637654232772,0.19443806464414692,0.3055028572167824,0.23175577574242434,0.1936599536663452,0.04000417111758489,-0.021323431375014516,0.20101389661278915,0.42898738541010606,0.059356929980061666,0.14120710902281258,0.33598107438132446,0.4529691549553684,0.10251168546450273,0.34645824369807077,0.30510839886476104,0.16370088420550022,0.38331962782950973,-0.0010075660563945196,0.14081815961497554
Tulare-Buena Vista Lakes,0.9315166021266835,0.6133054906220292,0.8592619813901459,0.514667181053726,0.4744989633743368,0.3358943184861542,0.33787744494604893,-0.04071107335159734,-0.0816785335949653,0.019546340701333955,0.4263578421225632,0.14967800139230286,0.28452385270527375,0.43079939111606735,0.33782594551235623,0.7203233432930217,1.0,0.25410268676314335,0.31166668565349953,0.771297519276399,0.49081805282266483,0.5137544162376099,0.4904144610807001,0.3784637340691549,0.3201490548797007,0.3273137721242126,0.33947360323759407,0.4149767464977839,0.30536918785898765,0.08424318892230669,0.02456595643609585,0.3083841869634176,0.6423464106511184,0.09389867740198066,0.06541495921489987,0.3517651887911132,0.5806281236631239,0.06195328695910084,0.34606418332622874,0.2199141817714507,0.12910204744778983,0.18459298229792118,-0.03568721581142815,0.08258598834335865
Lower Gila,0.2418232574632946,0.5598316555252442,0.3353418745315685,0.07261296764907109,0.7208343492181064,-0.017279497957342866,0.0028242805393170613,-0.21992534836977223,-0.2427319544669337,-0.18710215989224432,0.2351957350234125,-0.09795547294766468,-0.02453189195393349,0.041072954881792696,0.31048756919075937,0.14549948409896643,0.25410268676314335,1.0,0.43285484244785744,0.21832449310970936,0.11451201907926482,0.14783058264416904,0.4415896749132331,0.44681881160147424,0.19435177680309323,0.6683916040532617,0.0758785903900993,0.8805581441580402,0.9209041901149609,0.7987628482335081,0.7173328260725906,0.831617469658946,0.4714718062004347,0.7353961422195389,-0.18420111205044054,0.08212834508057149,0.2905207721391663,-0.1400178242786612,0.04738919605604322,-0.08435531381723145,-0.14725601245839778,-0.0885638744205943,-0.2141461510927543,-0.1774694158893061
Gunnison,0.25816542885128585,0.3609486134375804,0.43906346984164685,0.19668737157946983,0.4326464808858703,0.17389010691907658,0.2302452743449803,-0.11878265196962112,-0.1581350667682167,-0.10840519260722832,0.6013244356038343,-0.005234456613548143,0.10413385412857552,0.24149845038073764,0.8617215613013667,0.22551296949885602,0.31166668565349953,0.43285484244785744,1.0,0.3922336708557609,0.24845668484003539,0.35761192475741843,0.7352916210886704,0.914495828325999,0.6426053737218024,0.7931562403941337,0.3535883886230865,0.4912670014517479,0.5219407807856306,0.34805388304401375,0.2754008093120608,0.6128209382943302,0.6053324397860245,0.3648414614968505,-0.04307130916798404,0.275906769731479,0.5567762922792644,-0.06542487297829291,0.21856868624185513,0.10038390318591843,-0.01670731774895243,0.0718572780465434,-0.12304308411047285,-0.06349403444548118
Central Nevada Desert Basins,0.6789697274333009,0.47334408476778045,0.7689865377992032,0.6076816084804716,0.4078904112742559,0.5121488627292397,0.5059217984919657,0.013402468289765752,-0.03562759145463477,0.03055181745930691,0.6123548548856763,0.18350394072045587,0.3745718927776845,0.6626815804402099,0.45828122480428235,0.7420094334725837,0.771297519276399,0.21832449310970936,0.3922336708557609,1.0,0.7122567653519456,0.7879403720598314,0.5635353054637756,0.46455910171891385,0.49597139198943185,0.34852993174784563,0.5141206510803507,0.36267983608195686,0.28179332553629916,0.07415904566177113,-0.002391877635805182,0.2995539319186067,0.6990194851634214,0.07655512526209123,0.1255867976240912,0.5420810022345187,0.7609329883750285,0.10832857091206911,0.4587458200465678,0.30014661064033443,0.13008333783792475,0.32481177467203215,-0.013754328824330786,0.10320973950517894
Central Lahontan,0.5034214986600469,0.18051434216063855,0.3947881053249314,0.8075271381591236,0.1691598128883305,0.8005446579513964,0.7784196323204613,0.06170511434820294,0.010774345369877036,0.10413939383179785,0.3836658847745077,0.2760161741444488,0.503391303752861,0.827064874612762,0.3454368579988203,0.8366039538113624,0.49081805282266483,0.11451201907926482,0.24845668484003539,0.7122567653519456,1.0,0.5558102589086927,0.3142616526514018,0.28284528965513295,0.36322019740896777,0.18244729723561223,0.36303644652588446,0.16534962604655676,0.14491199818049777,0.01763256816800582,-0.04859879739504406,0.1650788648584238,0.34372879605599965,0.020762924357525553,0.20690750162705018,0.4359932745669414,0.40300189319228835,0.16930423903142866,0.4782646748605384,0.4195033441017725,0.22483566080601228,0.50017706987458,0.07073451190505511,0.20662790629615596
Great Salt Lake,0.4490792183431909,0.32465032647097297,0.5137766818529123,0.42751670794493896,0.27830828878135233,0.4492528911631292,0.4908006490837988,0.06762946020075518,0.0161506688869339,0.08822404548303212,0.7400542291720174,0.2599373674482376,0.456893932865131,0.6621719522969867,0.4862430221755159,0.49413397433374806,0.5137544162376099,0.14783058264416904,0.35761192475741843,0.7879403720598314,0.5558102589086927,1.0,0.4629682680639347,0.4086695892761495,0.6339099676813245,0.2573668919463896,0.8029286881963176,0.25301824852356675,0.17615465239313607,0.03515451970748915,-0.011995675092783572,0.18634886960971678,0.5235966219613857,0.028909744435176816,0.18018159527199468,0.8693805222108163,0.7520758065971657,0.17179914847872282,0.632890543275968,0.33890583423861004,0.18462868186812104,0.3180280776690294,0.060630862874439674,0.17263198161145663
Upper Colorado-Dirty Devil,0.41061974550781144,0.5421190652159893,0.6578879852046625,0.2728048192943184,0.5738258980829494,0.23565812873583916,0.2778655591604728,-0.09541574306961713,-0.13019049429220483,-0.11087562807898842,0.729228053057856,0.07596153315602631,0.2097473086123696,0.31738980104185804,0.6860819668359157,0.3461865564337897,0.4904144610807001,0.4415896749132331,0.7352916210886704,0.5635353054637756,0.3142616526514018,0.4629682680639347,1.0,0.8832505283994178,0.623722844003186,0.7269013149916843,0.4095434982273849,0.5825293440220329,0.5525656609805526,0.3189608640742369,0.2382895517795462,0.6195367879194775,0.8572546834115182,0.32592423815908605,-0.017659189245141475,0.3305199607726128,0.7680072365867372,-0.005356404507987153,0.2806759063603635,0.1623220126877672,-0.012536299251187794,0.1375478804848373,-0.12528370115227544,-0.06279194048421488
Upper Colorado-Dolores,0.3141002771859805,0.41890563507239653,0.5154639912108436,0.22901683156022556,0.478701652753397,0.22471768368010164,0.2759279003938294,-0.0970462615236906,-0.12690288198112662,-0.10103596578061036,0.7121630322683568,0.034011657581913685,0.1603607071825255,0.28572070442688274,0.8267759361467707,0.2735926303565936,0.3784637340691549,0.44681881160147424,0.914495828325999,0.46455910171891385,0.28284528965513295,0.4086695892761495,0.8832505283994178,1.0,0.683354045378671,0.7906166522416089,0.4037114299436028,0.5242436766590267,0.5452327290819269,0.3394321075444638,0.26747506508923413,0.6293094876475157,0.7113432389136545,0.34687128970142694,-0.002564517108766333,0.3035128361641974,0.6620213259545676,-0.0238203945878238,0.2347436417904487,0.1493209733126816,0.0015801199828179963,0.1262695012779175,-0.10820256346775092,-0.03692708739331787
White-Yampa,0.2632410250258738,0.22294952843715615,0.381973713734406,0.24994478428559572,0.23499526604805235,0.28270199732468126,0.3519819603225771,0.019307163260359902,-0.026342269058261855,-0.01727283639012405,0.8559531510133426,0.12216965130617002,0.2656549792115749,0.42172927047136893,0.8457588294397317,0.2991637654232772,0.3201490548797007,0.19435177680309323,0.6426053737218024,0.49597139198943185,0.36322019740896777,0.6339099676813245,0.623722844003186,0.683354045378671,1.0,0.4195339275329379,0.7173792959845603,0.26778424356586383,0.25823908691149494,0.09751088874492196,0.04670413865039993,0.3033526096771579,0.4788400790215152,0.10198312321170967,0.07689050064549782,0.5458383249797714,0.6398509191567774,0.08711897126338544,0.39143305141418794,0.22454289977928818,0.07230292182353883,0.1747743893846491,-0.015316687168183175,0.07141793027039368
San Juan,0.27485022413223154,0.4956599267859521,0.4747046016891726,0.11657221549765774,0.5928329497940076,0.08837340090270965,0.13508733975194545,-0.17073858014907425,-0.18557974653416542,-0.1357320787350917,0.4439294487804016,-0.05351523943668892,0.034771562218025125,0.14848003804881646,0.5909715484865754,0.19443806464414692,0.3273137721242126,0.6683916040532617,0.7931562403941337,0.34852993174784563,0.18244729723561223,0.2573668919463896,0.7269013149916843,0.7906166522416089,0.4195339275329379,1.0,0.2276309681339076,0.7003655379596507,0.770984406733387,0.5463871408319406,0.45802817312040717,0.8853303866453106,0.6739153270430328,0.5659611591341783,-0.11154465997155892,0.19669079676388854,0.4790221929037982,-0.10259124513908369,0.14760605421058998,0.01867419119283534,-0.09576810769784859,0.007137419713126908,-0.15893522888293157,-0.12907302792084174
Great Divide-Upper Green,0.28921290504198244,0.1786868812064659,0.3297298244974978,0.23739866879726973,0.1385610359890356,0.2753269755586686,0.35115687621867747,0.09503479535444893,0.05722565207300962,0.10009166922887222,0.7522265721258724,0.26755112064075076,0.4015614112412726,0.4851796808927695,0.4899487848538883,0.3055028572167824,0.33947360323759407,0.0758785903900993,0.3535883886230865,0.5141206510803507,0.36303644652588446,0.8029286881963176,0.4095434982273849,0.4037114299436028,0.7173792959845603,0.2276309681339076,1.0,0.14465624889922124,0.09542036871035331,-0.0337129303173507,-0.06948414194135986,0.11645940166173689,0.36958264799770985,-0.038933083998402535,0.1419085009157972,0.8667219821390844,0.5954827559212463,0.20236944382043626,0.6315781090597619,0.2611691256439229,0.17723740329050405,0.17240827996406186,0.08336664228739424,0.1397215561502596
Lower Colorado,0.3904108487066856,0.7566261377396379,0.5662188719471418,0.14015919878931485,0.9073821719869757,0.027766313976748044,0.06439889781154674,-0.18589711782023535,-0.22361330921298483,-0.1516477418480687,0.3200029120211301,-0.07613082889053426,0.006792933182865813,0.12207948744522626,0.3937323828296938,0.23175577574242434,0.4149767464977839,0.8805581441580402,0.4912670014517479,0.36267983608195686,0.16534962604655676,0.25301824852356675,0.5825293440220329,0.5242436766590267,0.26778424356586383,0.7003655379596507,0.14465624889922124,1.0,0.8661971085323937,0.6534361170517787,0.5818879398964286,0.8107269319722176,0.7064043243037184,0.6121813235901413,-0.1486761510858801,0.15883987760035098,0.4329586277159849,-0.09821988900697995,0.10976664111324026,-0.04935548414152775,-0.11293462942344344,-0.07514511788561984,-0.1965763189810075,-0.15042004852142218
Salt,0.26863973902854343,0.5634936240834636,0.4236716270893227,0.10888672103071961,0.7161099679083751,0.03476932781658877,0.048487018893175124,-0.2220650849289823,-0.2518332325955202,-0.18418484355894849,0.2953618795658618,-0.08676266346875305,-0.00629044251751023,0.06728963414510769,0.3906625531205907,0.1936599536663452,0.30536918785898765,0.9209041901149609,0.5219407807856306,0.28179332553629916,0.14491199818049777,0.17615465239313607,0.5525656609805526,0.5452327290819269,0.25823908691149494,0.770984406733387,0.09542036871035331,0.8661971085323937,1.0,0.7951862725712586,0.6748269643062812,0.9444755284251207,0.5745265114873032,0.7826158492024283,-0.15162305867585518,0.09307501199237367,0.36366418761314173,-0.14468876206584846,0.05012172527217568,-0.04335993019320629,-0.12226220744607848,-0.028769053411915674,-0.22005097803908472,-0.16012308379577736
Middle Gila,0.07728827577561913,0.41519655203923544,0.19508057004446902,6.746481013623163e-06,0.5429583231734053,-0.06591378206063142,-0.09439905398272556,-0.25510551960370675,-0.2594721642177148,-0.2338351167758511,0.15220129960201226,-0.16587995538214242,-0.11866352670887502,-0.09295652746179574,0.22338706969409539,0.04000417111758489,0.08424318892230669,0.7987628482335081,0.34805388304401375,0.07415904566177113,0.01763256816800582,0.03515451970748915,0.3189608640742369,0.3394321075444638,0.09751088874492196,0.5463871408319406,-0.0337129303173507,0.6534361170517787,0.7951862725712586,1.0,0.9335457949849284,0.7049857826020898,0.3251442241240332,0.934792847258665,-0.24104229691383075,-0.03318405038132909,0.20437888807129043,-0.21168587668701486,-0.09535127685283513,-0.15397430603568377,-0.20775280991677056,-0.12645806068809917,-0.24519772975163628,-0.23217117257417813
Sonora,0.029750776537724996,0.36559313246896213,0.12675747552874012,-0.04801420258603608,0.47302499349948823,-0.11385300466080113,-0.13636729395774264,-0.26421123773364125,-0.2534584788208162,-0.22343212613795496,0.09885526318443066,-0.2012045526633589,-0.16672248555544297,-0.14758626520488827,0.16540947201302503,-0.021323431375014516,0.02456595643609585,0.7173328260725906,0.2754008093120608,-0.002391877635805182,-0.04859879739504406,-0.011995675092783572,0.2382895517795462,0.26747506508923413,0.04670413865039993,0.45802817312040717,-0.06948414194135986,0.5818879398964286,0.6748269643062812,0.9335457949849284,1.0,0.5975042718057426,0.24972881833395483,0.8669351001273575,-0.2554743728880094,-0.07433458022299445,0.14505301523072348,-0.22675308651481196,-0.13736108583908574,-0.19376376778070648,-0.22020686003877368,-0.17946574052596656,-0.22696790113483473,-0.22505538773835976
Little Colorado,0.26258129848698597,0.5282726387193222,0.44169991149196636,0.11996405995096654,0.6621085394335647,0.05977116281367453,0.08227289100395666,-0.19955593670628446,-0.22152549240235403,-0.15389661994704704,0.32892396876919294,-0.07834876324398049,0.008335542762015567,0.08968836021664381,0.451820765960128,0.20101389661278915,0.3083841869634176,0.831617469658946,0.6128209382943302,0.2995539319186067,0.1650788648584238,0.18634886960971678,0.6195367879194775,0.6293094876475157,0.3033526096771579,0.8853303866453106,0.11645940166173689,0.8107269319722176,0.9444755284251207,0.7049857826020898,0.5975042718057426,1.0,0.6155196290519829,0.7267836515484709,-0.12444495672662927,0.11655904563936599,0.3931052065421722,-0.13746711793890512,0.07354367532270592,-0.010584221733766457,-0.09654722764710758,-0.00573542613938872,-0.1852468686232344,-0.13641168356082978
Lower Colorado-Lake Mead,0.5578233066520946,0.7287481427099963,0.8473737192288383,0.3249509215387403,0.738799367193737,0.22011053590655524,0.24847420976400816,-0.08004101757892254,-0.12930922880996792,-0.05767489727051782,0.5998071335759158,0.06774287139700151,0.19844017227884397,0.32803437537960123,0.5589795295631355,0.42898738541010606,0.6423464106511184,0.4714718062004347,0.6053324397860245,0.6990194851634214,0.34372879605599965,0.5235966219613857,0.8572546834115182,0.7113432389136545,0.4788400790215152,0.6739153270430328,0.36958264799770985,0.7064043243037184,0.5745265114873032,0.3251442241240332,0.24972881833395483,0.6155196290519829,1.0,0.3183990942845052,-0.004250382333082731,0.34890948236414315,0.8005461148115883,0.001895165532836432,0.2923566074988959,0.14728825012675967,0.022185842235650687,0.11281706055382157,-0.10591959996926398,-0.03158346868609401
Upper Gila,0.07976643615726102,0.3512224259975879,0.18706385850223786,0.0100880336946136,0.491486735873863,-0.05843806649949644,-0.09506649664961264,-0.27123882184891873,-0.25560850765535126,-0.2342514070885392,0.15204194988091166,-0.1605272429861428,-0.12604518838495066,-0.1027445637894382,0.234344748544393,0.059356929980061666,0.09389867740198066,0.7353961422195389,0.3648414614968505,0.07655512526209123,0.020762924357525553,0.028909744435176816,0.32592423815908605,0.34687128970142694,0.10198312321170967,0.5659611591341783,-0.038933083998402535,0.6121813235901413,0.7826158492024283,0.934792847258665,0.8669351001273575,0.7267836515484709,0.3183990942845052,1.0,-0.21845097679643918,-0.03079121283166975,0.20964946396694822,-0.21493114447638803,-0.08727038802764162,-0.1500399710303659,-0.19784801233068122,-0.11160348041008517,-0.2344582362083947,-0.21675681590216694
Oregon-Washington Coastal,0.08698971657685359,-0.11935726158923785,0.019377140655676573,0.18939724251580767,-0.14597177168514072,0.37329138613381574,0.36088045038830346,0.5789813746046591,0.6390332966684439,0.7094565131295175,0.09182857500063117,0.5259471298589092,0.4648688909635961,0.3123655449727839,0.01335337099637249,0.14120710902281258,0.06541495921489987,-0.18420111205044054,-0.04307130916798404,0.1255867976240912,0.20690750162705018,0.18018159527199468,-0.017659189245141475,-0.002564517108766333,0.07689050064549782,-0.11154465997155892,0.1419085009157972,-0.1486761510858801,-0.15162305867585518,-0.24104229691383075,-0.2554743728880094,-0.12444495672662927,-0.004250382333082731,-0.21845097679643918,1.0,0.14707152189545808,0.07761819874588875,0.5364485686745383,0.23791446957904122,0.6293524373872502,0.7951425007557442,0.616329272953383,0.7709118990350795,0.8992400104323378
Bear,0.30724568923724316,0.20912634787945708,0.33018065855033485,0.30082313542800754,0.16553668984036665,0.36435326547809116,0.4291334176727309,0.04762311726673369,0.020862650958442763,0.10097549550532871,0.6079035757762634,0.2904387538619843,0.46889231522108066,0.5742574730483915,0.3774129004235128,0.33598107438132446,0.3517651887911132,0.08212834508057149,0.275906769731479,0.5420810022345187,0.4359932745669414,0.8693805222108163,0.3305199607726128,0.3035128361641974,0.5458383249797714,0.19669079676388854,0.8667219821390844,0.15883987760035098,0.09307501199237367,-0.03318405038132909,-0.07433458022299445,0.11655904563936599,0.34890948236414315,-0.03079121283166975,0.14707152189545808,1.0,0.534951183282813,0.16007460613475022,0.7323766314163261,0.2946273619704073,0.18833946076253388,0.24844433069209748,0.08949443962060011,0.1493049327902911
Escalante Desert-Sevier Lake,0.49660097214983184,0.49944172389825414,0.6963586412779839,0.3574333175338366,0.4676981456474056,0.32007028145810057,0.340513529323714,-0.027856368113277324,-0.06835528060554638,-0.026390041875641174,0.8396150268710643,0.17236420202188246,0.3129134607604014,0.41614819990051194,0.5976419319179208,0.4529691549553684,0.5806281236631239,0.2905207721391663,0.5567762922792644,0.7609329883750285,0.40300189319228835,0.7520758065971657,0.7680072365867372,0.6620213259545676,0.6398509191567774,0.4790221929037982,0.5954827559212463,0.4329586277159849,0.36366418761314173,0.20437888807129043,0.14505301523072348,0.3931052065421722,0.8005461148115883,0.20964946396694822,0.07761819874588875,0.534951183282813,1.0,0.0810207688382669,0.39439512588079095,0.26598475977737923,0.09700175186198473,0.23312499813899537,-0.0440641575030234,0.060214523526609144
Kootenai-Pend Oreille-Spokane,0.03752338778293145,-0.0935994987729204,0.02666775880217791,0.11935704381845243,-0.11120115382556736,0.24801136320082062,0.26366004511858065,0.8321764727772097,0.6042034542327681,0.7030724356759642,0.10704715089870263,0.7816445125259492,0.4778653538234326,0.2559383384274368,-0.0036577172419495836,0.10251168546450273,0.06195328695910084,-0.1400178242786612,-0.06542487297829291,0.10832857091206911,0.16930423903142866,0.17179914847872282,-0.005356404507987153,-0.0238203945878238,0.08711897126338544,-0.10259124513908369,0.20236944382043626,-0.09821988900697995,-0.14468876206584846,-0.21168587668701486,-0.22675308651481196,-0.13746711793890512,0.001895165532836432,-0.21493114447638803,0.5364485686745383,0.16007460613475022,0.0810207688382669,1.0,0.309774603623748,0.4493124246516687,0.6407640326988393,0.3281951442402328,0.6018328766430097,0.5307931978004834
Upper Snake,0.29576626721843235,0.1613390794577309,0.3058610925327534,0.35013828611366216,0.12006138637632809,0.43085792652666416,0.5423359592432359,0.1362740679373372,0.06457063436258369,0.1936413622604672,0.43178410567054765,0.5322957688888487,0.7472486188544224,0.6774639128218521,0.3183944316495395,0.34645824369807077,0.34606418332622874,0.04738919605604322,0.21856868624185513,0.4587458200465678,0.4782646748605384,0.632890543275968,0.2806759063603635,0.2347436417904487,0.39143305141418794,0.14760605421058998,0.6315781090597619,0.10976664111324026,0.05012172527217568,-0.09535127685283513,-0.13736108583908574,0.07354367532270592,0.2923566074988959,-0.08727038802764162,0.23791446957904122,0.7323766314163261,0.39439512588079095,0.309774603623748,1.0,0.4956258950672526,0.3392405996841646,0.3384168523482655,0.16607714470507967,0.2227205552071307
Oregon Closed Basins,0.19854108804468756,0.004011339902232254,0.17504481398727653,0.30152581416658497,-0.02626427227403842,0.6033894623346291,0.6607812244790686,0.28866992089341026,0.21599993472054174,0.3754111195730535,0.2746221278646071,0.6698886815168238,0.8533130912510205,0.6083745009643244,0.17412196699670693,0.30510839886476104,0.2199141817714507,-0.08435531381723145,0.10038390318591843,0.30014661064033443,0.4195033441017725,0.33890583423861004,0.1623220126877672,0.1493209733126816,0.22454289977928818,0.01867419119283534,0.2611691256439229,-0.04935548414152775,-0.04335993019320629,-0.15397430603568377,-0.19376376778070648,-0.010584221733766457,0.14728825012675967,-0.1500399710303659,0.6293524373872502,0.2946273619704073,0.26598475977737923,0.4493124246516687,0.4956258950672526,1.0,0.7121146097309635,0.7829849397978697,0.34978574678231883,0.5500340075605848
Middle Columbia,0.1141680340551314,-0.07017216063316727,0.0745943556388599,0.19203650604531142,-0.10901627184600149,0.3725739984819531,0.36186400437238847,0.5422491712750478,0.4724193475058203,0.7561583673133964,0.09774317974452991,0.7814743892983974,0.6261460821653291,0.32859560974378516,0.0263357357443652,0.16370088420550022,0.12910204744778983,-0.14725601245839778,-0.01670731774895243,0.13008333783792475,0.22483566080601228,0.18462868186812104,-0.012536299251187794,0.0015801199828179963,0.07230292182353883,-0.09576810769784859,0.17723740329050405,-0.11293462942344344,-0.12226220744607848,-0.20775280991677056,-0.22020686003877368,-0.09654722764710758,0.022185842235650687,-0.19784801233068122,0.7951425007557442,0.18833946076253388,0.09700175186198473,0.6407640326988393,0.3392405996841646,0.7121146097309635,1.0,0.5476900727579316,0.7342127283390497,0.8438378569662256
Klamath-Northern California Coastal,0.1859023270359251,-0.0127641338270343,0.1454881408273291,0.46791245945317317,-0.04231448279762679,0.8058876014925974,0.7113991424841115,0.2236654220010847,0.16391417945098125,0.28202285575413205,0.23304749932625876,0.4598872771322331,0.6102844106395399,0.572134251337797,0.13372375776242826,0.38331962782950973,0.18459298229792118,-0.0885638744205943,0.0718572780465434,0.32481177467203215,0.50017706987458,0.3180280776690294,0.1375478804848373,0.1262695012779175,0.1747743893846491,0.007137419713126908,0.17240827996406186,-0.07514511788561984,-0.028769053411915674,-0.12645806068809917,-0.17946574052596656,-0.00573542613938872,0.11281706055382157,-0.11160348041008517,0.616329272953383,0.24844433069209748,0.23312499813899537,0.3281951442402328,0.3384168523482655,0.7829849397978697,0.5476900727579316,1.0,0.2788263840595863,0.4873149498692199
Lower Columbia,-0.03928713843695539,-0.2019765807413323,-0.08563460892737546,0.03011792749270414,-0.21017492295644843,0.14972521223446106,0.15448849792438044,0.7037651066200753,0.7492348161413946,0.9212644731344485,-0.02500850103433552,0.5338606160948776,0.3009540666739646,0.13415565025947326,-0.09925571737597232,-0.0010075660563945196,-0.03568721581142815,-0.2141461510927543,-0.12304308411047285,-0.013754328824330786,0.07073451190505511,0.060630862874439674,-0.12528370115227544,-0.10820256346775092,-0.015316687168183175,-0.15893522888293157,0.08336664228739424,-0.1965763189810075,-0.22005097803908472,-0.24519772975163628,-0.22696790113483473,-0.1852468686232344,-0.10591959996926398,-0.2344582362083947,0.7709118990350795,0.08949443962060011,-0.0440641575030234,0.6018328766430097,0.16607714470507967,0.34978574678231883,0.7342127283390497,0.2788263840595863,1.0,0.8208870196119259
Willamette,0.0928299919704391,-0.12949499057878833,0.002214081275768483,0.163319657811187,-0.1521780201888525,0.3335059589697939,0.3292771701444152,0.5392465672155748,0.5519169074621851,0.7547955828352736,0.07443388480733408,0.5464354828919362,0.4277183987898052,0.27580158336658145,-0.004843088955324735,0.14081815961497554,0.08258598834335865,-0.1774694158893061,-0.06349403444548118,0.10320973950517894,0.20662790629615596,0.17263198161145663,-0.06279194048421488,-0.03692708739331787,0.07141793027039368,-0.12907302792084174,0.1397215561502596,-0.15042004852142218,-0.16012308379577736,-0.23217117257417813,-0.22505538773835976,-0.13641168356082978,-0.03158346868609401,-0.21675681590216694,0.8992400104323378,0.1493049327902911,0.060214523526609144,0.5307931978004834,0.2227205552071307,0.5500340075605848,0.8438378569662256,0.4873149498692199,0.8208870196119259,1.0
